$ANSIBLE_VAULT;1.1;AES256
33303837303039393532333238303736373730393134333433393539613936346239613030616237
3339303634376136623763613264353837353337346266620a323564653739613831303665633332
35653833643335356635336638316237336337373639633432306135343637333830313134656165
3465396439353430630a643664316538656537653938353937626233633465346266366535336663
36353064336130323966643339666231643666643733616633663136393762313630646439376235
37653935386461353961386566383639376339303262323035633465356266323336653862616332
62313338663861656437623466616634636438623536366565653134343439636338346662396464
30346466393831303062366236363233633133356665393466323639643865626230336537386661
63636563323830616431333564396632353733313431313530626337656561326431313366336632
64343065386464336562383334646334613062363131643466303031663735636630333361336162
36303336636537393732323831633532656530373038313931333164633362383634353330353166
34633330343933653732626434613734326264303163626463363134343764373761646238363363
64343036366136663364623261343565396330636466353765633663383132623939666536363363
33366539313937303565633763313065383931333165613866396638633466383534663933363134
63343062663539366630313463333738613136336566663030363838653033323065303738616332
34636238366330333935626234353832316134656339356561306632353831303533653836636565
35353231346338653763653935313234653833323735373463386435366131383861393464636139
31653330363766623061376463663030313033316431373762656336316439336137313935663336
61336430616461393462623934336263343635633066646536393931396134383739613563623134
39333137366163316639343832343434643831656531373331633637343563613264353930306365
33363437323238333338636331393931646434353836323064356562353638353730653861393066
35373162343064373232336431363431623939653939663263653233303538313361346233636330
65323964613135376438653131663734646338363164383264333861616634303530353763346565
65633964306638613232633261626335663638306633366665616339363461653230333263313065
63653237623038396639313461633866396266383665396431373831326438653064643337343266
64643365613036366461393134636639313236383632356533353034626330333932396265343438
62363465366332343861346462623632376666383665383432663563646632333639636463386236
64613134653365313132326335316530303830346631306333613133343831343763653466396666
39373666366536303063616165363563303235623161326339323537316135373964386131613662
62383364636334393334613639653634353263363166623930386533613838326566333530396337
62633435353663643132366439653935383562356464366537333234366230366565393966666234
35306632363432333263323662383432363763316537623862343330633338663861353431376361
64333132656665366334623764363566323436346365396432383962383436396264616135306664
36636563303862323265396335656232396634383836326134366661316130303832356166613230
35396336313732306633343662613432616462343934356336396232613030656338306335626661
61616164366136363437363331646264633661306336623331386663333733353266353339656331
35333338626361373138393564336564656265323639373462646564653235343532363030653630
37366137616534393637363761333239306131323362333635333362353864316533353963373834
32643530643064353931306433323031333933613437313162666136353065333338333839343863
61343166636635303365346261306634333034323534363632336436643632373261343839383565
31316132613062323363623063633339393762386332336566376530313963643033303062393764
36326564623966383235303433393363376237636266363066303733643361356365613666343563
36633733633333316232323461646664666338386534366662353730363538663162653337353436
31636435373232373136326466613064376263313234653830313235393332383535313364363365
31626533633536653337653438376137653665626264343230623566353466646464373063313562
32313933376361343362656432306631326239383233316564326439363438333130386166383963
64383436303135343133333464356663643761656534626630353263653466636333303738613632
37376238313561366338623062636333343539306461626161326365333561353633623134393465
31363932633139343164393737396338656466366635613632366533313864353764396236623833
35316435366537353834326132353239323662396230656537343931663366356661633036373133
61346166306134316466383136373037303038383461316362323636313836616230633531326439
66653765653865323263343665316661626263656565333436323630373366666230646434636435
31633763366131663165333635643135353038313733346662663662623733303363396232633664
35626335383039333039616561633435663734666666663139383165623662656363663261663139
35663337353133626636316663613564343138333532653736626266356539623632303661336133
66316665383336323533626263383237316136616662303435323038663261383332373566656537
37326435373234373661323062396238363534663730626231376634323732386638653939373830
66353766316666346362353265356630326333316562303732316431656533363837396135373937
61313065303130333638343866336431653335633266386534343462643166303031646136373231
66313535303432316537316164366230613939383031656361323036343063316363316536373763
36626438623639313861343162363561333631623432393239336562376630366134303864303362
65623661353635663230313764393137646336303233363535343864663637303835656134323361
36393337396634623735346465393263353966336236663330643861373663613839663437656563
62613836363735623263343336616262306638316432373334363432383530656330396530656661
30636339393565656438376631666264383531373137613861623738663633393264393135353165
38393431623266306137306137313830643834623436656530633530323532613538653135633534
62666462643233383632633133323431346566336239633762303164303461653530386165356436
64653962323931323635643764626335333965636638353836633065663563323830393362376562
64633332663432383332363261643532623130353239346433653131323738376364383138653231
62336161303562636132656162316136633038633265333331623464383565373539666632376266
35616262353866636634303062333333313062316437643031353836333037363533343031636330
63333839306166313431386462633530303239356664323831313539336135666331666661656636
39313238383032376234386262356439653966363539316338633161313939323335323734373564
64643966616162303166653265323433356639383233643035383665633463626162376664343233
64616530303366333865653363616435633436363435383039376662616232643763643833383830
35643537373462353661646566393365616566386232643537303734623532666161626664646536
31306332316337616531383065313331313337666163626233363766623632636637333366646162
38303133376431333434303165626661313735356534323966343739613136316461333435323839
37353937386131363138643761393830303662373537356361643637373538333436316135363362
33303735336638616438353066326461356561343231643838666338656431643335396665366639
31396236623638646162653765643166376631376131333730376639626366326465653136323531
33663830393665376466663531366361646331383839336233616634346465643132616431393236
66373834306438393239663931363039643232636363623539373931303233303735383638623665
36663761643734326136653232333331616635353961383665306565613739653138656663613734
38663636316331346338646435316262373134613336353531646466386438633863636531336337
36613165663466343837306163303339366533393661313934653237363166356237366534303565
63306130623430636331623531323830653731646565306364656265346536663561383031326137
32646237336132373364626565663238643637353461326637626265303466653861313434336137
35363162306464333632616231393761653038313134346465353338613132373335303231616663
63666362666336313437363232353566316236363235356437353064366266346330636466343233
39393739666336623339626662376163656662656661396263656362626537653366666338636134
61626630643133383732656230373364383233313234626562323264396430396631653335613865
34303538303863653432663864386339633066653665316535386232366139366439383364383637
38363961303132326661356661393939666537393039633637336637316331323663326633663933
30373131396137616336356238656635643563316563623636346138616661633934376330363061
35306564353339333066363763303962313765306462623766653236383630646132343766666562
35653830626366326634306239653366313037306430326263373636373666303334393462646663
65353331323765393836346233363138383038313830366565323362356237663139626130373632
36303761343566376336376637333766636432353037313330343737336366323737663831376235
37626362663435393332303066313231313733623862663632373434303734343431336461383934
36383538623761306435343932363839633464313538663530303635353162363839323861633637
38616339343763383861393935636463343565663330323332636163343062663263366337313132
35656234333263646262333836623630353066373634383966376661366532303166383763656337
33653463353239633564363839326133626566356136646230393335643739613839376565353632
33373561643464306365623734646632666138343931663861386230366233393236386138633966
30626236623832643938393662386164653038323535336635613031356137313661393636373762
63643936346630633264346566656535313032346535363030643163333566393232306566646666
33306134336264346662376565386636303934653934323466316164353061303365623131656231
65373738326237383034366137653461656539323431323035633238333163666339663939633234
31313661383265313939333734323539313165353533383265313939383031653639653030393230
39303237633839666664386264656464616665643835386230343130656565313965383665316631
63373664373864396165666231663535373066663133353665386439393666346638383562353134
39366136363934616531656639623735656239656566396666323032633461383231386330323163
37356539356534356264643738383261303361383166313964333961613963646165323561303166
66356433356661333561333761363738326431636465663133643762313833343634373232656332
32306263353536386639303732636434333330626466623766323961383463356164393661663862
65643038313632343566333763353465303165396465313339323761346236623464313932383431
32366230656536356135396437356238623137616238633234303263633632613362383465663761
33303334613432373135383532653633316566356161366531383865363431646232326162306462
63363032383539396236366338626234356365386163303131393338333164633262613536366261
36323739393436386137376466656237396463393766623631353537323537393331393936316638
30363061316362393233303533363765363233333165663462363139666436653234373165303066
66633138653630623338313464313934613635313065376561353762626635656365376437633861
62613162353264343461646231663034616137383663393765363734346464386438303539313062
33613664613132343664653464303634386261363936333530333232336330633166626137653765
62343838316230643931663637656634663637613262643266346337633365353935636431303736
65303366373830356163643962383132653966643164323539303437396530333762343738343965
36393235653565633533633737306335306232383933333261393965663862613038323536363536
66396663643134363261616138656463623338653964623930386137393862353738646466353762
66303331323436313138313534633463626633386562303965346333616236303030326431386231
30663332383837653562613463643532646564613036633936396332373030343232313130303334
35653635323861616332666164353235313166303934653564353232356232613531383438316265
65623865616437623830613238633864653537336234346664316438646134666665303065383863
36366363323166393461386631376236663839656266343964353732393563653162393339626334
63303637626464353430626234333663343862376537373763373663383430313238323036613531
36323531323361613339336165363032616139343066616331373630623438323065626433396638
64316466613234363061356165616333653966343362353132386165633165626534323263373139
38373763313133363534653932626663343263333063633638306535613465616666373733643531
34623038393834643234666637393333383132666365643265623565646636366131323832336565
30323163346163363762626237383262646639363739613233613462383930333762393533633739
35633265376661653432323339326530343466393531386331336136373633353536363234643161
65636434653964306662313266636431333661313365366534303337653230376532336234333430
61336265346234356564326430376661616564343334303066653665393066656362623334613763
36333636333634636536373334613138376264303564356166393636633564633538636437333139
63333033626264303366363262623931666363316562323539336236313535333262616463353862
66336532653534306131346638316439656666306464643530356363383663646539366537326333
32613538633138356562633532323335643061636461313338636431633733626461616236306461
65313937383461343032623866616339323166313839653934383336343537333832303531313662
61313239383463666638626661343563613663616236653261636530663535626338356165353530
30353535646439366539613730393932636431373738646361346236623630663135386264363036
39633834323131306237386638656439343832666230653632346235393233376264373935633533
34663233363732653138333836663538626664343337643036633263636466663138353231643531
3763
